D
9
	  0.3095   0.0049   0.4291   0.7525  -0.9999  -0.0155   0.3096
	  0.0120   0.2790   0.5749   0.9848  -0.0955  -0.9954   0.2789
	 -0.0923  -0.0012   0.4388   0.7685  -0.9932  -0.1162  -0.0918
	 -0.0544  -0.3048   0.4223   0.4955  -0.0284  -0.9996  -0.3062
	  0.2297  -0.2668   0.1703   0.6010   0.5930  -0.8052  -0.3510
	 -0.2663   0.0037   0.6450   0.2416   0.9986  -0.0529   0.2661
	  0.1544   0.0143   0.2092   0.2543  -0.9996  -0.0270   0.1547
	  0.0538  -0.1485   0.2475   0.0817   0.4912  -0.8711  -0.1558
	  0.0187   0.1681   0.3045   0.4305  -0.4232  -0.9060   0.1602
1 1
000001ff 

I
8
	  0.0070   0.2809   0.6350  -0.0151  -0.0946  -0.9955   0.2803
	  0.1609   0.0062   0.2917   0.7622  -0.9970  -0.0768   0.1609
	  0.2371  -0.2144   0.2196   0.8751  -0.7068  -0.7074   0.0160
	  0.2367   0.2107   0.2098   0.6111   0.6429  -0.7660   0.0092
	 -0.0017  -0.2821   0.6388   0.5010   0.0063  -1.0000  -0.2821
	 -0.2376  -0.2208   0.2204   0.1004   0.5896  -0.8077  -0.0383
	 -0.1677  -0.0003   0.2850   0.2597  -0.9981  -0.0611  -0.1674
	 -0.2324   0.2181   0.2076   0.3811  -0.6797  -0.7335   0.0020
1 1
000000ff 

Q
10
	  0.0068  -0.1479   0.1517   0.0390   0.2426  -0.9701  -0.1451
	  0.1143   0.0038   0.2542   0.1877   0.9244  -0.3814  -0.1042
	 -0.1138   0.0252   0.4086   0.7764  -0.9862  -0.1654  -0.1080
	 -0.0032   0.3209   0.2894   0.0130   0.0818  -0.9966   0.3201
	 -0.2225   0.2712   0.1702   0.0789   0.4756  -0.8797   0.3444
	  0.2202   0.2475   0.2176   0.8809  -0.6804  -0.7328   0.3313
	 -0.0028   0.1727   0.3199   0.4396  -0.3704  -0.9289   0.1594
	 -0.2987  -0.0046   0.4452   0.2479   0.9999  -0.0131   0.2986
	  0.2578  -0.0980   0.5433   0.7142   0.9749  -0.2228  -0.2732
	 -0.0466  -0.2923   0.5432   0.4571  -0.2661  -0.9639  -0.2941
1 1
000003ff 

V
5
	  0.1630   0.0809   0.6044   0.1380   0.7625  -0.6470  -0.0720
	  0.1964  -0.0369   0.7812   0.6887   0.9268  -0.3755  -0.1958
	 -0.1593   0.0745   0.5634   0.8148  -0.9182  -0.3962  -0.1168
	 -0.2427   0.0574   0.5653   0.2686  -0.9932  -0.1166  -0.2344
	 -0.0610  -0.3215   0.3259   0.4137  -0.5159  -0.8566  -0.3069
1 1
0000001f 

A
13
	  0.2220   0.0421   0.6550   0.7985  -0.9539  -0.3000   0.2244
	  0.0045   0.3542   0.2169   0.0041   0.0258  -0.9997   0.3540
	 -0.2118   0.0426   0.6503   0.1902   0.9303  -0.3669   0.2126
	 -0.2070  -0.1999   0.3176   0.5993   0.5843  -0.8115  -0.0412
	  0.2375  -0.2559   0.1723   0.5360   0.2241  -0.9746  -0.3026
	  0.0801  -0.1868   0.3253   0.3886  -0.6441  -0.7649  -0.0913
	  0.2600   0.0041   0.6584   0.8075  -0.9354  -0.3535   0.2446
	  0.0292   0.3545   0.2720   0.9651  -0.2176  -0.9760   0.3523
	 -0.0541   0.0899   0.2418   0.8076  -0.9352  -0.3541  -0.0187
	 -0.0099   0.1475   0.2152   0.4003  -0.5861  -0.8103   0.1137
	  0.0351   0.0267   0.1421   0.1601   0.8448  -0.5351  -0.0154
	 -0.2296   0.0244   0.7291   0.1815   0.9087  -0.4175   0.2188
	  0.1247  -0.2165   0.4719   0.4542  -0.2841  -0.9588  -0.1721
2 1
0000003f 
00001fc8 

B
23
	  0.2893  -0.0163   0.1833   0.8882  -0.6459  -0.7634   0.1744
	  0.3215  -0.0132   0.3890   0.7560  -0.9993  -0.0378   0.3208
	  0.2532   0.1394   0.1992   0.6832   0.9131  -0.4078  -0.1743
	 -0.0982   0.1491   0.1831   0.8330  -0.8670  -0.4983  -0.0108
	 -0.0365   0.3012   0.4540   0.0086   0.0541  -0.9985   0.3027
	  0.0306   0.0955   0.2191   0.0412   0.2559  -0.9667   0.0845
	  0.2108   0.2809   0.1742   0.9091  -0.5408  -0.8411   0.3502
	 -0.2162   0.2858   0.1698   0.0963   0.5687  -0.8225   0.3580
	  0.0630  -0.1836   0.2486   0.0506   0.3124  -0.9499  -0.1941
	 -0.1215  -0.1313   0.1791   0.8049  -0.9411  -0.3381  -0.1588
	 -0.0403  -0.2185   0.2142   0.9202  -0.4806  -0.8769  -0.2110
	  0.2714  -0.2646   0.1790   0.6077   0.6264  -0.7795  -0.3763
	 -0.0359  -0.3023   0.4961   0.4761  -0.1498  -0.9887  -0.3043
	  0.0661  -0.0672   0.3019   0.4245  -0.4565  -0.8897  -0.0296
	 -0.0383  -0.0520   0.2197   0.5384   0.2390  -0.9710  -0.0413
	  0.0940   0.1744   0.1267   0.3272  -0.8846  -0.4663   0.1644
	 -0.0366   0.2214   0.2140   0.5094   0.0589  -0.9983   0.2232
	 -0.2144   0.1674   0.2149   0.3599  -0.7709  -0.6369  -0.0587
	 -0.2048   0.0581   0.1498   0.0425   0.2637  -0.9646   0.1100
	 -0.3008  -0.0066   0.4967   0.2375   0.9969  -0.0788   0.2993
	 -0.2888  -0.2343   0.1910   0.3836  -0.6680  -0.7442  -0.3673
	  0.1067  -0.1069   0.1288   0.3554  -0.7887  -0.6148   0.0184
	  0.2916  -0.2238   0.2708   0.6658   0.8633  -0.5047  -0.3647
2 1
001fffff 
0069d37d 

C
16
	  0.0847  -0.2753   0.3783   0.5128   0.0803  -0.9968  -0.2812
	  0.3087  -0.2306   0.1544   0.6592   0.8418  -0.5398  -0.3844
	  0.2126  -0.1855   0.3037   0.0195   0.1220  -0.9925  -0.2101
	 -0.0280  -0.1611   0.1873   0.9211  -0.4755  -0.8797  -0.1550
	 -0.1131   0.0028   0.2746   0.7455   0.9996  -0.0286   0.1131
	 -0.0162   0.1696   0.1909   0.5828   0.4970  -0.8677   0.1552
	  0.1886   0.1836   0.2530   0.4464  -0.3305  -0.9438   0.2356
	  0.2882   0.2057   0.1884   0.7996  -0.9518  -0.3069   0.3374
	  0.1017   0.2883   0.3328  -0.0110  -0.0690  -0.9976   0.2946
	 -0.1826   0.2315   0.2143   0.0933   0.5533  -0.8330   0.2938
	 -0.2679  -0.0142   0.3855   0.2514  -1.0000  -0.0087  -0.2680
	 -0.1910  -0.2225   0.2062   0.4046  -0.5642  -0.8257  -0.2915
	 -0.0087  -0.2746   0.5251   0.4866  -0.0838  -0.9965  -0.2744
	  0.1032   0.1221   0.4516   0.4923  -0.0483  -0.9988   0.1270
	  0.1098  -0.1473   0.4493  -0.0113  -0.0711  -0.9975  -0.1391
	  0.0756   0.3082   0.3677   0.9967  -0.0205  -0.9998   0.3097
2 1
00000fff 
0000f692 

E
15
	 -0.2778   0.0048   0.5167   0.2578  -0.9988  -0.0487  -0.2772
	  0.3180  -0.2504   0.1148   0.6600   0.8445  -0.5356  -0.4026
	  0.0244  -0.2730   0.6030   0.4862  -0.0865  -0.9962  -0.2699
	  0.0956  -0.0361   0.3857   0.5338   0.2106  -0.9776  -0.0554
	  0.1134   0.1909   0.4430   0.5100   0.0629  -0.9980   0.1834
	  0.3379   0.2549   0.0902   0.7487   1.0000  -0.0084  -0.3357
	  0.0232   0.2853   0.6150   0.0052   0.0325  -0.9995   0.2844
	  0.1652  -0.2119   0.3627   0.0013   0.0080  -1.0000  -0.2133
	  0.1334   0.0330   0.3008   0.9858  -0.0888  -0.9960   0.0447
	 -0.0691  -0.1407   0.1441   0.8434  -0.8328  -0.5535  -0.1354
	 -0.0729   0.1084   0.1395   0.8519  -0.8019  -0.5974   0.0063
	 -0.0053  -0.0726   0.2363   0.5386   0.2404  -0.9707  -0.0692
	  0.1541  -0.2464   0.4061   0.9693  -0.1920  -0.9814  -0.2123
	  0.0425   0.0503   0.1633  -0.0141  -0.0883  -0.9961   0.0539
	  0.1133   0.0079   0.1006   0.7468   0.9998  -0.0200  -0.1131
2 1
000007ff 
00007e75 

F
15
	  0.3203  -0.0393   0.0817   0.7661  -0.9949  -0.1013   0.3147
	  0.0972   0.2507   0.6375  -0.0000  -0.0000  -1.0000   0.2507
	  0.2338  -0.0088   0.1875   0.9887  -0.0709  -0.9975   0.0078
	  0.0463   0.0558   0.2190   0.9047  -0.5636  -0.8260   0.0722
	  0.1485  -0.1076   0.3667   0.5126   0.0792  -0.9969  -0.1191
	  0.1913   0.1995   0.4791   0.5504   0.3115  -0.9503   0.1300
	 -0.1405  -0.3653   0.1752   0.4941  -0.0371  -0.9993  -0.3703
	 -0.0482  -0.2525   0.2167   0.7537  -0.9997  -0.0231  -0.0540
	 -0.2291  -0.0633   0.6012   0.2533  -0.9998  -0.0207  -0.2304
	  0.1640  -0.0539   0.0983   0.7524  -0.9999  -0.0149   0.1632
	  0.0438  -0.1413   0.2515   0.5383   0.2385  -0.9711  -0.1477
	  0.1757   0.1341   0.4786   0.5176   0.1107  -0.9939   0.1139
	  0.4108   0.2100   0.1126   0.7643  -0.9960  -0.0895   0.4279
	 -0.0338   0.0606   0.1344   0.8587  -0.7756  -0.6312   0.0120
	  0.0888  -0.0035   0.1577   1.0066   0.0417  -0.9991  -0.0072
2 1
000001ff 
00007fc2 

G
25
	 -0.2463   0.2454   0.2719   0.1193   0.6815  -0.7318   0.3474
	 -0.2482  -0.2069   0.2654   0.3791  -0.6888  -0.7249  -0.3209
	 -0.3468   0.0183   0.2666   0.2559  -0.9993  -0.0369  -0.3459
	  0.0793  -0.3050   0.4467   0.4955  -0.0284  -0.9996  -0.3026
	  0.0917  -0.1087   0.1975   0.4187  -0.4887  -0.8725  -0.0500
	  0.1123   0.2148   0.2616   0.4588  -0.2558  -0.9667   0.2364
	 -0.0767   0.1952   0.1604   0.5907   0.5394  -0.8420   0.2057
	  0.3044  -0.1185   0.3579   0.7577  -0.9988  -0.0482   0.2983
	  0.0132   0.3327   0.3208   0.0083   0.0519  -0.9987   0.3316
	  0.2043   0.2613   0.1575   0.8190  -0.9075  -0.4200   0.2952
	 -0.0780  -0.0290   0.3832   0.8035  -0.9441  -0.3297  -0.0832
	  0.1737   0.0597   0.2666   0.9982  -0.0113  -0.9999   0.0616
	  0.0171  -0.0123   0.1506   0.1835   0.9139  -0.4059  -0.0207
	  0.0780  -0.1802   0.1864   0.0340   0.2119  -0.9773  -0.1926
	 -0.2919   0.0121   0.5283   0.2524  -0.9999  -0.0152  -0.2916
	  0.2621   0.1653   0.1953   0.5965   0.5698  -0.8218  -0.0135
	 -0.0148   0.1868   0.2488   0.5251   0.1573  -0.9875   0.1868
	  0.1452   0.1622   0.1316   0.3431  -0.8338  -0.5520   0.2106
	  0.2937  -0.2123   0.2209   0.6916   0.9335  -0.3586  -0.3503
	 -0.0076  -0.2837   0.5456   0.4839  -0.1011  -0.9949  -0.2830
	  0.2593   0.2800   0.1925   0.9009  -0.5834  -0.8122   0.3787
	 -0.0516   0.2989   0.4756   0.0152   0.0951  -0.9955   0.3025
	  0.0229  -0.1518   0.3118   1.0113   0.0709  -0.9975  -0.1530
	  0.1738  -0.0734   0.3097   0.9807  -0.1210  -0.9926  -0.0518
	 -0.1341   0.0117   0.3218   0.7575  -0.9989  -0.0474  -0.1333
2 1
00003fff 
01ffc010 

H
15
	  0.0689  -0.0648   0.1523   0.3938  -0.6188  -0.7855  -0.0082
	 -0.0360  -0.0688   0.1614   0.5457   0.2834  -0.9590  -0.0558
	  0.1234  -0.2001   0.2357   0.2769  -0.9858  -0.1682   0.0880
	  0.1938  -0.2956   0.1340   0.5283   0.1770  -0.9842  -0.3252
	 -0.1619  -0.2987   0.1228   0.4938  -0.0388  -0.9992  -0.3047
	 -0.1004  -0.1868   0.2279   0.7376   0.9970  -0.0778   0.0856
	 -0.2604   0.0022   0.6377   0.2530  -0.9998  -0.0186  -0.2603
	 -0.0982   0.1682   0.2269   0.8158  -0.9157  -0.4019  -0.0223
	 -0.2062   0.2929   0.1321   0.9239  -0.4603  -0.8878   0.1651
	  0.1887   0.3108   0.1334  -0.0075  -0.0469  -0.9989   0.3193
	  0.0305   0.0904   0.1595   0.0561   0.3452  -0.9385   0.0743
	  0.1230   0.2131   0.2104   0.2351   0.9956  -0.0938  -0.1024
	  0.2614   0.0015   0.5808   0.7558  -0.9993  -0.0364   0.2613
	 -0.1878  -0.2236   0.2541   0.6729   0.8849  -0.4658   0.0620
	  0.2067   0.2919   0.1362   0.9339  -0.4034  -0.9150   0.3505
2 1
00001fff 
00007dce 

J
14
	 -0.0877  -0.2601   0.4497   0.5059   0.0369  -0.9993  -0.2567
	 -0.3796  -0.2101   0.1915   0.3847  -0.6629  -0.7487  -0.4089
	 -0.3834  -0.1211   0.2226   0.0590   0.3623  -0.9321   0.0261
	 -0.2334  -0.1287   0.1360   0.8811  -0.6796  -0.7336  -0.2530
	 -0.1095  -0.1420   0.1763   0.0307   0.1915  -0.9815  -0.1184
	  0.0844   0.1418   0.5630   0.1999   0.9508  -0.3098  -0.0363
	  0.1743   0.0910   0.6231   0.7511  -1.0000  -0.0069   0.1749
	  0.2477   0.0524   0.4561   0.7424   0.9988  -0.0480  -0.2449
	  0.1691  -0.2185   0.1935   0.5924   0.5484  -0.8362  -0.2754
	 -0.1713  -0.1223   0.5110   0.9966  -0.0215  -0.9998  -0.1260
	  0.0484   0.3101   0.4260   0.9901  -0.0619  -0.9981   0.3125
	  0.0888   0.0199   0.3045   0.2360   0.9962  -0.0876  -0.0867
	 -0.0497   0.1957   0.2567   0.4566  -0.2694  -0.9630   0.1751
	 -0.1695   0.2731   0.0968   0.2562  -0.9992  -0.0388  -0.1588
2 1
0000007f 
00003f83 

K
18
	  0.1942  -0.1092   0.5061   0.8927  -0.6244  -0.7811   0.0360
	  0.1632   0.1892   0.4152   0.6059   0.6172  -0.7868   0.0481
	  0.2257   0.3046   0.1992   0.0380   0.2367  -0.9716   0.2425
	 -0.1068   0.1633   0.1987   0.7625  -0.9969  -0.0785  -0.0936
	 -0.1915   0.2794   0.1282  -0.0096  -0.0604  -0.9982   0.2673
	  0.0070   0.1878   0.3160   0.0848   0.5082  -0.8612   0.1582
	 -0.2542  -0.0148   0.6109   0.2464   0.9997  -0.0227   0.2538
	  0.0690  -0.1673   0.3150   0.3987  -0.5945  -0.8041  -0.0935
	  0.2958  -0.2671   0.1897   0.4987  -0.0080  -1.0000  -0.2647
	 -0.0880  -0.1939   0.2372   0.7112   0.9704  -0.2415   0.0385
	 -0.1900  -0.3126   0.1361   0.4976  -0.0153  -0.9999  -0.3155
	  0.1090   0.1889   0.4712   0.0848   0.5081  -0.8613   0.1074
	 -0.1790   0.2948   0.1702   0.9507  -0.3046  -0.9525   0.2263
	  0.1859  -0.1609   0.4004   0.8517  -0.8027  -0.5964   0.0533
	  0.2957   0.2409   0.1523   0.7377   0.9970  -0.0770  -0.2763
	  0.1849   0.0770   0.2876   0.5881   0.5257  -0.8507  -0.0317
	  0.1453  -0.2188   0.3857   0.3942  -0.6168  -0.7871  -0.0826
	 -0.1387  -0.2210   0.3202   0.6269   0.7154  -0.6987  -0.0551
2 1
000007ff 
0003f848 

L
5
	  0.2311  -0.1610   0.5765   0.9600  -0.2489  -0.9685  -0.0984
	 -0.0686   0.1452   0.4927   0.7636  -0.9963  -0.0855  -0.0559
	 -0.1857   0.0843   0.5623   0.2356   0.9959  -0.0904   0.1926
	  0.1638  -0.2132   0.7029   0.4828  -0.1079  -0.9942  -0.1943
	 -0.1288   0.3522   0.1931   0.0293   0.1832  -0.9831   0.3699
2 1
0000000f 
0000001f 

M
18
	 -0.1272  -0.1629   0.3242   0.7441   0.9993  -0.0371   0.1211
	 -0.2116  -0.3168   0.1417   0.4898  -0.0639  -0.9980  -0.3296
	  0.2674   0.0151   0.5829   0.7463   0.9997  -0.0235  -0.2670
	  0.1031  -0.0305   0.1797   0.6384   0.7639  -0.6453  -0.0984
	  0.2020  -0.2760   0.1472   0.4767  -0.1457  -0.9893  -0.2437
	  0.1492  -0.1229   0.3349   0.2294   0.9916  -0.1291  -0.1639
	 -0.0335  -0.0601   0.2191   0.4361  -0.3908  -0.9205  -0.0684
	 -0.1551   0.2927   0.2124   0.9779  -0.1384  -0.9904   0.2684
	  0.0142   0.2346   0.2041   0.1482   0.8024  -0.5968   0.1287
	  0.1893   0.3136   0.1579   0.9587  -0.2566  -0.9665   0.3517
	 -0.0456   0.2090   0.1179   0.7385   0.9974  -0.0720   0.0606
	 -0.2676   0.0081   0.6326   0.2372   0.9968  -0.0801   0.2673
	 -0.0862   0.1934   0.2961   0.8144  -0.9192  -0.3937  -0.0031
	 -0.2164   0.3334   0.1235  -0.0122  -0.0764  -0.9971   0.3159
	  0.0622   0.2071   0.3392   0.1449   0.7896  -0.6136   0.0780
	 -0.0249  -0.1046   0.1168   0.5024   0.0153  -0.9999  -0.1042
	  0.2137  -0.2981   0.1303   0.5690   0.4202  -0.9074  -0.3603
	 -0.0844  -0.0522   0.1153   0.2437   0.9992  -0.0396   0.0823
2 1
00000fff 
0003fa2f 

N
18
	  0.2736   0.0519   0.5155   0.7305   0.9925  -0.1222  -0.2652
	  0.2563  -0.1614   0.1507   0.8160  -0.9152  -0.4030   0.1695
	 -0.0989  -0.1282   0.3011   0.7120   0.9716  -0.2365   0.0658
	 -0.2015  -0.2895   0.1538   0.5274   0.1712  -0.9852  -0.2507
	  0.0366  -0.1506   0.3965   0.3310  -0.8732  -0.4874  -0.0414
	  0.2171  -0.3063   0.1568   0.5446   0.2764  -0.9611  -0.3544
	 -0.2601   0.0002   0.6524   0.2541  -0.9997  -0.0255  -0.2600
	 -0.0528   0.1920   0.4211   0.9166  -0.5005  -0.8657   0.1398
	 -0.2212   0.3075   0.1403   0.0513   0.3167  -0.9485   0.3617
	  0.1921   0.3084   0.1783   0.0082   0.0517  -0.9987   0.2980
	  0.1061   0.1939   0.2330   0.2792  -0.9832  -0.1827   0.1397
	 -0.0769   0.1545   0.5477   0.8656  -0.7475  -0.6643   0.0451
	 -0.1802  -0.1103   0.4957   0.7003   0.9516  -0.3073   0.1376
	  0.1245   0.1255   0.3663   0.2201   0.9824  -0.1870  -0.0989
	  0.2295   0.3082   0.1292   0.9996  -0.0022  -1.0000   0.3087
	 -0.0367  -0.0576   0.3859   0.2992  -0.9526  -0.3043  -0.0524
	  0.2951  -0.0219   0.6607   0.7364   0.9963  -0.0854  -0.2959
	  0.1623  -0.2896   0.2934   0.4435  -0.3477  -0.9376  -0.2151
2 1
000007ff 
0003f840 

O
16
	  0.2226  -0.2541   0.2313   0.6197   0.6831  -0.7303  -0.3377
	 -0.0176  -0.3099   0.3303   0.4923  -0.0486  -0.9988  -0.3104
	 -0.2245  -0.2377   0.2301   0.3697  -0.7301  -0.6834  -0.3264
	  0.0720  -0.1627   0.2295   0.0848   0.5077  -0.8615  -0.1767
	  0.1443   0.0193   0.3017   0.2699  -0.9922  -0.1250   0.1456
	 -0.1004  -0.1256   0.2559   0.8728  -0.7169  -0.6972  -0.1596
	 -0.1333   0.0769   0.3006   0.7036   0.9577  -0.2876   0.1498
	  0.2264   0.2504   0.1811   0.8895  -0.6400  -0.7684   0.3373
	  0.2905  -0.0141   0.4277   0.7543  -0.9996  -0.0273   0.2900
	 -0.0044   0.3105   0.3391   0.9891  -0.0687  -0.9976   0.3095
	 -0.3043  -0.0064   0.3289   0.2472   0.9998  -0.0179   0.3041
	 -0.2355   0.2438   0.2083   0.1445   0.7884  -0.6151   0.3357
	  0.0127   0.1934   0.2297   0.4639  -0.2248  -0.9744   0.1913
	 -0.1165   0.0224   0.3871   0.7181   0.9800  -0.1988   0.1186
	 -0.0006  -0.1547   0.2970   0.9898  -0.0643  -0.9979  -0.1544
	  0.0647  -0.2931   0.4492   0.5045   0.0280  -0.9996  -0.2948
2 1
00001fff 
0000ff94 

P
13
	  0.3263   0.1712   0.2393   0.8572  -0.7815  -0.6240   0.3618
	  0.3527   0.0467   0.2542   0.7239   0.9866  -0.1630  -0.3404
	  0.0431   0.1588   0.2937   0.4794  -0.1288  -0.9917   0.1631
	  0.1149  -0.1289   0.4343   0.5279   0.1743  -0.9847  -0.1470
	  0.1158   0.0318   0.2387   0.0713   0.4334  -0.9012  -0.0215
	 -0.0464   0.0891   0.2159   0.8299  -0.8766  -0.4812   0.0022
	  0.0339   0.2506   0.5917   0.9998  -0.0016  -1.0000   0.2506
	 -0.1074  -0.2997   0.2294   0.7441   0.9993  -0.0373   0.0961
	 -0.1709  -0.3870   0.1654   0.4687  -0.1956  -0.9807  -0.4130
	 -0.2479  -0.0728   0.6378   0.2442   0.9993  -0.0364   0.2451
	  0.1804   0.1136   0.1375   0.3518  -0.8022  -0.5970   0.2125
	  0.2945   0.2265   0.1964   0.9012  -0.5816  -0.8135   0.3555
	 -0.0190   0.2560   0.4771   0.0141   0.0882  -0.9961   0.2567
2 1
000003ff 
00001fbe 

R
17
	  0.3158   0.1434   0.2018   0.7668  -0.9944  -0.1052   0.3292
	  0.2139  -0.1880   0.2960   0.8317  -0.8712  -0.4910   0.0940
	  0.2369  -0.0155   0.2647   0.6045   0.6106  -0.7919  -0.1569
	  0.0654   0.0683   0.1914   0.0668   0.4073  -0.9133   0.0357
	 -0.0713   0.1207   0.2095   0.8235  -0.8952  -0.4457  -0.0100
	  0.0035   0.2835   0.5444   0.9849  -0.0948  -0.9955   0.2826
	  0.0912  -0.1999   0.3647   0.3753  -0.7060  -0.7083  -0.0772
	 -0.0854  -0.1960   0.2703   0.6995   0.9500  -0.3122   0.0200
	 -0.1993  -0.3059   0.1751   0.4778  -0.1388  -0.9903  -0.3306
	 -0.2769  -0.0185   0.5966   0.2548  -0.9995  -0.0301  -0.2774
	  0.0595   0.1827   0.2475   0.4076  -0.5486  -0.8361   0.1854
	 -0.1410  -0.1891   0.3623   0.6380   0.7623  -0.6472  -0.0149
	  0.2203  -0.3179   0.1612   0.5052   0.0328  -0.9995  -0.3250
	  0.0564  -0.1854   0.3146   0.3410  -0.8409  -0.5412  -0.0530
	  0.1009   0.1444   0.1306   0.3525  -0.7998  -0.6003   0.1674
	 -0.0209   0.2091   0.1708   0.5021   0.0134  -0.9999   0.2094
	  0.3153  -0.0283   0.5764   0.7542  -0.9996  -0.0266   0.3144
2 1
000007ff 
0001fa38 

S
23
	  0.3252  -0.0809   0.1507   0.7983  -0.9543  -0.2990   0.2861
	  0.3026  -0.1881   0.2225   0.6608   0.8472  -0.5313  -0.3563
	 -0.2702   0.2408   0.1783   0.1168   0.6699  -0.7424   0.3598
	  0.2147   0.2438   0.1894   0.8570  -0.7825  -0.6226   0.3198
	  0.1217   0.0748   0.3354   0.9487  -0.3167  -0.9485   0.1095
	 -0.0704   0.1435   0.1775   0.0383   0.2382  -0.9712   0.1561
	 -0.0009   0.3086   0.4096   0.0088   0.0553  -0.9985   0.3082
	 -0.2570  -0.2645   0.1517   0.3756  -0.7046  -0.7096  -0.3687
	 -0.3159  -0.2178   0.1022   0.1988   0.9486  -0.3164   0.2308
	 -0.0914  -0.1660   0.4111   0.0122   0.0766  -0.9971  -0.1586
	 -0.0273  -0.2994   0.4513   0.4996  -0.0027  -1.0000  -0.2995
	  0.1202   0.1548   0.3238   0.5331   0.2064  -0.9785   0.1266
	 -0.1740   0.1981   0.3611   0.4911  -0.0561  -0.9984   0.1880
	 -0.1713   0.0473   0.1372   0.2629  -0.9967  -0.0810  -0.1669
	 -0.0767  -0.0208   0.4247   0.4541  -0.2847  -0.9586  -0.0418
	  0.0561  -0.0864   0.1648   0.3519  -0.8020  -0.5973  -0.0066
	 -0.3236   0.1303   0.1587   0.2590  -0.9984  -0.0563  -0.3158
	  0.0465   0.1533   0.4164   0.5142   0.0894  -0.9960   0.1485
	 -0.1183  -0.2025   0.4085   1.0142   0.0894  -0.9960  -0.1912
	  0.1266  -0.1472   0.1240   0.1357   0.7532  -0.6578  -0.1922
	  0.2511  -0.2473   0.1859   0.5889   0.5300  -0.8480  -0.3427
	  0.2536   0.2362   0.1474   0.7442   0.9993  -0.0363  -0.2449
	  0.0754   0.0569   0.5316   0.9254  -0.4519  -0.8921   0.0848
2 1
0000ffff 
007f44c5 

T
11
	  0.0155   0.2359   0.7844  -0.0040  -0.0248  -0.9997   0.2362
	 -0.2215   0.1264   0.1881   0.4711  -0.1807  -0.9835   0.0843
	 -0.3210   0.1984   0.0916   0.2656  -0.9952  -0.0981  -0.3000
	 -0.1749  -0.2810   0.1985   0.3258  -0.8888  -0.4583  -0.2842
	 -0.1753  -0.0464   0.3136   0.2120   0.9716  -0.2367   0.1593
	  0.2788   0.1695   0.2948   0.5757   0.4582  -0.8889   0.0229
	  0.0186  -0.3203   0.2610   0.5294   0.1835  -0.9830  -0.3183
	  0.1475  -0.1038   0.4071   0.7460   0.9997  -0.0253  -0.1501
	 -0.2452   0.1221   0.3518   0.4819  -0.1134  -0.9935   0.0935
	 -0.4283   0.1918   0.0973   0.2376   0.9970  -0.0777   0.4419
	 -0.0701  -0.1221   0.4238   0.2518  -0.9999  -0.0112  -0.0714
2 1
000000ff 
000007e1 

U
12
	  0.2123  -0.2435   0.2064   0.6350   0.7501  -0.6613  -0.3203
	 -0.0609  -0.2988   0.4148   0.4788  -0.1328  -0.9911  -0.3042
	 -0.2734   0.0242   0.6000   0.2482   0.9999  -0.0110   0.2737
	 -0.1963   0.3106   0.1560   0.9668  -0.2072  -0.9783   0.2632
	 -0.1231   0.0638   0.4621   0.7572  -0.9990  -0.0453  -0.1200
	 -0.0003  -0.1617   0.2662   0.0122   0.0766  -0.9971  -0.1612
	  0.2689   0.0665   0.4803   0.7550  -0.9995  -0.0317   0.2709
	  0.1262   0.0578   0.4608   0.2441   0.9993  -0.0373  -0.1240
	  0.1973   0.3045   0.1446   0.0217   0.1362  -0.9907   0.2748
	 -0.0006  -0.2894   0.5329   0.5117   0.0733  -0.9973  -0.2886
	  0.2596   0.0270   0.6193   0.7464   0.9998  -0.0223  -0.2589
	  0.0049  -0.1698   0.2334   0.9990  -0.0064  -1.0000  -0.1697
2 1
000001ff 
00000f9c 

W
21
	 -0.0144  -0.2420   0.1488   0.6904   0.9308  -0.3656  -0.0750
	  0.2384  -0.2593   0.1083   0.6636   0.8562  -0.5167  -0.3381
	  0.1366  -0.3179   0.1523   0.4974  -0.0162  -0.9999  -0.3157
	 -0.1294  -0.3169   0.1606   0.4946  -0.0341  -0.9994  -0.3211
	  0.0408  -0.2340   0.1847   0.2672  -0.9942  -0.1079   0.0153
	  0.0646   0.0292   0.2440   0.9186  -0.4893  -0.8721   0.0571
	  0.2775   0.0420   0.5347   0.7639  -0.9962  -0.0874   0.2801
	  0.1699   0.1354   0.3535   0.2455   0.9996  -0.0280  -0.1660
	  0.2128   0.3165   0.1084   0.0139   0.0870  -0.9962   0.2968
	 -0.2271   0.2878   0.1597   0.9567  -0.2687  -0.9632   0.2162
	 -0.1558   0.0855   0.3570   0.7358   0.9960  -0.0890   0.1628
	 -0.0923  -0.0006   0.2127   0.1506   0.8114  -0.5846   0.0745
	 -0.2609  -0.0013   0.6376   0.2757  -0.9870  -0.1605  -0.2578
	 -0.0752  -0.2267   0.3546   0.6100   0.6372  -0.7707  -0.1267
	  0.2637  -0.0319   0.6126   0.7113   0.9706  -0.2407  -0.2636
	  0.2680   0.2886   0.1441   0.9549  -0.2796  -0.9601   0.3520
	  0.1327   0.1741   0.3021   0.1764   0.8951  -0.4459  -0.0411
	 -0.0018   0.1474   0.1388   0.9875  -0.0786  -0.9969   0.1468
	 -0.1082   0.0935   0.1348   0.1619   0.8506  -0.5257   0.1412
	  0.0593   0.0893   0.0987   0.7531  -0.9998  -0.0197   0.0610
	 -0.1431   0.1549   0.2145   0.7549  -0.9995  -0.0305  -0.1383
2 1
00001fff 
001ff214 

X
12
	  0.1665  -0.2145   0.3057   0.4220  -0.4710  -0.8822  -0.1108
	 -0.1323  -0.2121   0.4040   0.5760   0.4597  -0.8881  -0.1275
	  0.2198  -0.1343   0.3744   0.8271  -0.8849  -0.4658   0.1320
	  0.2177   0.1729   0.3279   0.6628   0.8538  -0.5206  -0.0959
	 -0.1243   0.2245   0.3714   0.9399  -0.3688  -0.9295   0.1629
	  0.1660   0.2225   0.2942   0.0918   0.5455  -0.8381   0.0959
	 -0.2208   0.1309   0.3971   0.3317  -0.8710  -0.4913  -0.1280
	 -0.2182  -0.1728   0.3102   0.1411   0.7751  -0.6319   0.0599
	  0.1267   0.2121   0.4096   0.0704   0.4279  -0.9038   0.1374
	 -0.1822   0.2101   0.3383   0.8893  -0.6407  -0.7678   0.0446
	  0.2224  -0.2944   0.1830   0.4963  -0.0234  -0.9997  -0.2891
	  0.0849  -0.1935   0.2221   0.3188  -0.9081  -0.4188  -0.0040
2 1
000000ff 
00000fce 

Y
8
	 -0.1937  -0.0401   0.6993   0.3151  -0.9176  -0.3976  -0.1937
	 -0.0247  -0.3595   0.1818   0.4543  -0.2829  -0.9591  -0.3518
	  0.1963  -0.0579   0.7256   0.6905   0.9309  -0.3654  -0.2039
	  0.1585   0.1546   0.4390   0.0955   0.5649  -0.8251   0.0380
	 -0.1838   0.1645   0.3878   0.9054  -0.5600  -0.8285   0.0333
	 -0.2184  -0.0248   0.6458   0.2827  -0.9790  -0.2038  -0.2189
	 -0.2197   0.2542   0.1946   0.9693  -0.1920  -0.9814   0.2072
	 -0.0775   0.1162   0.2427   0.8210  -0.9022  -0.4314  -0.0198
2 1
0000001f 
000000ee 

Z
8
	  0.0029  -0.2648   0.7136   0.5040   0.0251  -0.9997  -0.2648
	  0.1746  -0.1909   0.4087   0.9661  -0.2115  -0.9774  -0.1497
	  0.1646   0.0633   0.5502   0.6309   0.7328  -0.6804  -0.0775
	  0.0228   0.2871   0.6334   0.9975  -0.0156  -0.9999   0.2874
	 -0.1539   0.1830   0.3546   0.4651  -0.2176  -0.9760   0.1452
	 -0.3242   0.2499   0.0698   0.2395   0.9978  -0.0662   0.3401
	 -0.1709  -0.0578   0.5446   0.1283   0.7215  -0.6924   0.0833
	  0.0105   0.2690   0.6888  -0.0074  -0.0467  -0.9989   0.2692
2 1
0000007f 
000000f7 

6
17
	 -0.2700  -0.2215   0.2145   0.3892  -0.6412  -0.7674  -0.3431
	 -0.3167  -0.0414   0.3442   0.2471   0.9998  -0.0180   0.3159
	 -0.1477  -0.0177   0.1976   0.6589   0.8405  -0.5418   0.1146
	 -0.0263  -0.2755   0.4788   0.4847  -0.0957  -0.9954  -0.2768
	  0.0089   0.0255   0.2620   0.4700  -0.1871  -0.9823   0.0267
	  0.3275  -0.0870   0.2744   0.7362   0.9962  -0.0868  -0.3338
	  0.0820  -0.1437   0.2539   0.0587   0.3603  -0.9329  -0.1636
	 -0.1031  -0.1479   0.2357   0.9103  -0.5342  -0.8453  -0.1801
	 -0.1428   0.2497   0.4538   0.1069   0.6224  -0.7827   0.2843
	  0.0546   0.2905   0.2398   0.6336   0.7444  -0.6678   0.1534
	  0.0955   0.3701   0.1780   0.9632  -0.2293  -0.9733   0.3821
	  0.1232   0.1434   0.3576   0.9474  -0.3242  -0.9460   0.1756
	  0.0241  -0.0481   0.3532   0.4290  -0.4312  -0.9022  -0.0330
	  0.3220  -0.0476   0.2692   0.8191  -0.9073  -0.4205   0.2722
	  0.2759  -0.2359   0.2077   0.6122   0.6480  -0.7616  -0.3585
	  0.0683   0.2604   0.2840   0.5666   0.4062  -0.9138   0.2102
	 -0.0969  -0.0770   0.2046   0.8086  -0.9330  -0.3598  -0.1181
2 1
00000fff 
0001fd4a 

5
12
	  0.3244  -0.0951   0.2270   0.7294   0.9916  -0.1293  -0.3340
	  0.1053   0.0840   0.4385   0.9639  -0.2247  -0.9744   0.1055
	 -0.0104   0.2877   0.5412   0.9996  -0.0025  -1.0000   0.2877
	  0.0659   0.2076   0.3783   0.5449   0.2784  -0.9605   0.1811
	 -0.2825   0.1626   0.2554   0.2447   0.9994  -0.0334   0.2878
	 -0.0955  -0.1984   0.4741   0.0397   0.2468  -0.9691  -0.1687
	 -0.0341  -0.2920   0.5064   0.5089   0.0560  -0.9984  -0.2896
	  0.0750  -0.0786   0.2187   0.3680  -0.7377  -0.6751   0.0023
	 -0.0968  -0.0255   0.4147   0.4583  -0.2590  -0.9659  -0.0497
	 -0.1712  -0.2803   0.4017   0.4778  -0.1391  -0.9903  -0.3014
	  0.1922  -0.2387   0.3319   0.5885   0.5279  -0.8493  -0.3042
	 -0.0124   0.3031   0.4936  -0.0015  -0.0095  -1.0000   0.3029
2 1
000001ff 
00000f3b 

9
19
	  0.2611   0.2134   0.2519   0.8934  -0.6210  -0.7838   0.3294
	  0.3345   0.0536   0.2446   0.7499   1.0000  -0.0005  -0.3345
	 -0.0175   0.2864   0.4011   0.0044   0.0277  -0.9996   0.2868
	  0.0990   0.0338   0.2580   0.0715   0.4346  -0.9006  -0.0126
	 -0.0930  -0.0025   0.2322   0.9280  -0.4371  -0.8994  -0.0429
	  0.1750  -0.1937   0.5650   0.6160   0.6658  -0.7461  -0.2610
	 -0.0560  -0.2756   0.2359   0.1247   0.7059  -0.7083  -0.1557
	 -0.1277  -0.1483   0.3257   0.4490  -0.3152  -0.9490  -0.1810
	 -0.1113  -0.3719   0.1936   0.4805  -0.1225  -0.9925  -0.3828
	 -0.1497   0.1321   0.2025   0.6613   0.8486  -0.5290   0.1969
	  0.0241   0.1551   0.3282   0.4669  -0.2063  -0.9785   0.1567
	 -0.3247   0.0832   0.2403   0.2457   0.9996  -0.0273   0.3269
	 -0.2523   0.2411   0.2119   0.1039   0.6074  -0.7944   0.3448
	 -0.1024  -0.0816   0.4759   0.4629  -0.2310  -0.9730  -0.1030
	 -0.0452  -0.1981   0.3916   0.0328   0.2046  -0.9788  -0.1847
	 -0.2296  -0.3099   0.1200   0.2404   0.9982  -0.0604   0.2104
	  0.3117   0.1676   0.3397   0.8496  -0.8105  -0.5857   0.3508
	 -0.1041   0.1042   0.1997   0.8331  -0.8667  -0.4989  -0.0382
	  0.0474   0.3042   0.3731   0.9917  -0.0519  -0.9987   0.3062
2 1
00001fff 
0007fd28 

4
14
	  0.3083  -0.2231   0.2814   0.6458   0.7932  -0.6089  -0.3804
	  0.1038  -0.2700   0.2855   0.4144  -0.5124  -0.8587  -0.1787
	 -0.1472  -0.1970   0.4262   0.4874  -0.0793  -0.9969  -0.2080
	  0.2992  -0.0265   0.2716   0.8720  -0.7205  -0.6934   0.1972
	  0.0968   0.0144   0.2384   0.0738   0.4471  -0.8945  -0.0304
	 -0.0584   0.1726   0.4299   0.7079   0.9653  -0.2612   0.1014
	 -0.0037   0.3680   0.1715   0.9783  -0.1357  -0.9907   0.3641
	 -0.2105   0.1179   0.6440   0.1694   0.8744  -0.4851   0.2412
	 -0.0821  -0.2552   0.6083   0.4533  -0.2895  -0.9572  -0.2680
	  0.2907  -0.2890   0.2166   0.6016   0.5961  -0.8029  -0.4053
	  0.2415   0.0620   0.3327   0.8041  -0.9427  -0.3337   0.2483
	  0.3333  -0.1666   0.1436   0.8562  -0.7855  -0.6189   0.1588
	 -0.0446  -0.0424   0.1584   0.9858  -0.0888  -0.9960  -0.0462
	  0.1181   0.0864   0.2990   0.1623   0.8519  -0.5237  -0.0554
2 1
000000ff 
00003fa0 

1
6
	  0.0127   0.2887   0.4046   0.9798  -0.1268  -0.9919   0.2880
	 -0.3170   0.1907   0.3423   0.1221   0.6943  -0.7197   0.3574
	  0.2173  -0.0255   0.5731   0.7461   0.9997  -0.0243  -0.2179
	 -0.0430  -0.1277   0.4270   0.2486   1.0000  -0.0089   0.0418
	  0.0820  -0.3322   0.2737   0.5115   0.0723  -0.9974  -0.3373
	 -0.2472   0.0976   0.4077   0.5035   0.0219  -0.9998   0.1030
2 1
0000003f 
0000003f 

8
21
	 -0.0928  -0.1802   0.2201   0.9220  -0.4709  -0.8822  -0.2027
	  0.0729  -0.1753   0.2478   0.0593   0.3643  -0.9313  -0.1898
	 -0.0573   0.1609   0.1771   0.8414  -0.8397  -0.5430   0.0393
	  0.0105   0.3261   0.3842   1.0005   0.0030  -1.0000   0.3261
	  0.0775   0.1219   0.1753   0.0588   0.3610  -0.9326   0.0857
	  0.3010  -0.0881   0.2966   0.7945  -0.9611  -0.2761   0.2650
	  0.2424   0.1560   0.2209   0.6676   0.8691  -0.4947  -0.1335
	 -0.3227  -0.1460   0.2286   0.2733  -0.9893  -0.1457  -0.3405
	 -0.2586   0.0135   0.2455   0.0977   0.5758  -0.8176   0.1600
	 -0.2311   0.1789   0.2380   0.2836  -0.9777  -0.2098  -0.1884
	 -0.1162  -0.0609   0.2058   0.6278   0.7196  -0.6944   0.0413
	  0.0024  -0.2945   0.4333   0.4994  -0.0037  -1.0000  -0.2945
	  0.0854  -0.0547   0.2642   0.4157  -0.5051  -0.8631  -0.0040
	  0.0284   0.1951   0.2683   0.4507  -0.3049  -0.9524   0.1945
	  0.2701  -0.2519   0.2061   0.5907   0.5395  -0.8420  -0.3579
	 -0.2589  -0.2619   0.2081   0.4177  -0.4945  -0.8692  -0.3557
	  0.1366  -0.0992   0.1397   0.3533  -0.7967  -0.6044   0.0489
	 -0.0479  -0.0336   0.2708   0.5133   0.0835  -0.9965  -0.0295
	 -0.2660   0.0711   0.5744   0.2039   0.9584  -0.2856   0.2752
	 -0.1383  -0.1156   0.1830   0.8252  -0.8904  -0.4551  -0.1758
	  0.2617   0.0680   0.5683   0.8113  -0.9267  -0.3759   0.2681
2 1
00003fff 
001fe81e 

(
11
	 -0.2891  -0.0004   0.3482   0.2528  -0.9998  -0.0173  -0.2891
	  0.1367   0.1756   0.4857   0.5861   0.5148  -0.8573   0.0802
	  0.1413  -0.1639   0.5172   0.9060  -0.5569  -0.8306  -0.0575
	  0.0246  -0.2519   0.6320   0.4612  -0.2413  -0.9705  -0.2385
	 -0.0689   0.2342   0.5554   0.0705   0.4285  -0.9035   0.2411
	 -0.3247   0.0320   0.1729   0.2387   0.9975  -0.0709   0.3262
	 -0.0841  -0.1774   0.5461   0.4118  -0.5261  -0.8504  -0.1951
	  0.0877   0.2443   0.2812   0.6584   0.8389  -0.5443   0.0594
	  0.0066   0.0164   0.2294   0.7535  -0.9998  -0.0220   0.0069
	  0.3254  -0.2902   0.3241   0.5237   0.1486  -0.9889  -0.3354
	  0.2501  -0.1834   0.5049   0.9419  -0.3569  -0.9341  -0.0821
2 1
0000001f 
000007f0 

)
11
	  0.0351  -0.2321   0.5896   0.5541   0.3333  -0.9428  -0.2305
	 -0.1423   0.1704   0.5154   0.3993  -0.5912  -0.8065   0.0533
	 -0.1390  -0.1697   0.4986   0.0817   0.4913  -0.8710  -0.0795
	 -0.0562   0.2669   0.6105   0.9696  -0.1900  -0.9818   0.2514
	  0.2711   0.0011   0.3743   0.7405   0.9982  -0.0599  -0.2705
	 -0.1497   0.2000   0.4956   0.4346  -0.3996  -0.9167   0.1235
	 -0.2300   0.3045   0.3009   0.0380   0.2368  -0.9716   0.3503
	  0.1686   0.1571   0.5870   0.9108  -0.5318  -0.8469   0.2227
	  0.0916   0.0223   0.1806   0.2495   1.0000  -0.0034  -0.0915
	 -0.3018  -0.2949   0.1752   0.4117  -0.5269  -0.8499  -0.4097
	  0.0935  -0.1897   0.6933   0.5753   0.4555  -0.8902  -0.2115
2 1
0000001f 
000007e4 

2
16
	 -0.1269   0.2159   0.3549   0.5038   0.0236  -0.9997   0.2188
	  0.1005   0.1772   0.1572   0.3892  -0.6413  -0.7673   0.2004
	 -0.2805   0.2345   0.1722   0.1892   0.9279  -0.3729   0.3477
	 -0.0302   0.3017   0.4420   0.9994  -0.0038  -1.0000   0.3016
	 -0.0750   0.0305   0.4607   0.0649   0.3968  -0.9179   0.0578
	  0.0762  -0.1955   0.4504   0.9801  -0.1247  -0.9922  -0.1845
	 -0.3058  -0.1634   0.2242   0.2334   0.9946  -0.1038   0.2872
	  0.3068   0.1412   0.2159   0.7437   0.9992  -0.0398  -0.3009
	  0.0827  -0.0460   0.5055   0.5659   0.4020  -0.9156  -0.0754
	 -0.0067  -0.2771   0.6508   0.5045   0.0285  -0.9996  -0.2768
	  0.2845  -0.2454   0.0990   0.7398   0.9980  -0.0639  -0.2996
	  0.1532   0.0437   0.5284   0.6203   0.6858  -0.7277  -0.0732
	 -0.0898   0.1269   0.5034   0.5296   0.1850  -0.9827   0.1413
	  0.2485   0.2545   0.2297   0.9329  -0.4094  -0.9123   0.3340
	 -0.0948  -0.0583   0.6708   0.1159   0.6653  -0.7466   0.0196
	  0.1510  -0.2014   0.4202   0.9454  -0.3361  -0.9418  -0.1389
2 1
000007ff 
0000fa0c 

7
9
	  0.1800  -0.0599   0.7176   0.6407   0.7735  -0.6338  -0.1773
	 -0.1085  -0.3478   0.2056   0.4980  -0.0128  -0.9999  -0.3492
	 -0.1846  -0.2738   0.1688   0.2575  -0.9989  -0.0470  -0.1973
	  0.0171   0.2337   0.7657   0.9945  -0.0345  -0.9994   0.2341
	 -0.0390  -0.0554   0.4402   0.1101   0.6381  -0.7699  -0.0178
	 -0.3709   0.1965   0.0954   0.2370   0.9966  -0.0819   0.3857
	 -0.1369   0.1281   0.5079   0.4866  -0.0843  -0.9964   0.1161
	 -0.0252   0.2343   0.7539   0.0002   0.0013  -1.0000   0.2344
	  0.1978  -0.0468   0.6731   0.6654   0.8620  -0.5069  -0.1942
2 1
0000007f 
000001f6 

3
16
	 -0.0410   0.2846   0.6125   0.9990  -0.0061  -1.0000   0.2843
	 -0.0927   0.0796   0.2610   0.1158   0.6653  -0.7466   0.1211
	 -0.3499   0.2340   0.0987   0.2305   0.9925  -0.1225   0.3760
	 -0.1808   0.1658   0.3529   0.4732  -0.1678  -0.9858   0.1332
	 -0.1220  -0.2029   0.4588   0.0363   0.2258  -0.9742  -0.1701
	 -0.3053  -0.2584   0.1332   0.3748  -0.7081  -0.7061  -0.3986
	 -0.0273  -0.0739   0.3584   0.4367  -0.3873  -0.9219  -0.0787
	  0.0003  -0.2572   0.5753   0.5165   0.1035  -0.9946  -0.2559
	  0.2019   0.0556   0.2182   0.9283  -0.4355  -0.9002   0.1380
	  0.2803  -0.0838   0.2343   0.7644  -0.9959  -0.0904   0.2715
	  0.2055   0.1784   0.2387   0.6048   0.6119  -0.7909   0.0154
	 -0.1720  -0.2870   0.3780   0.4805  -0.1221  -0.9925  -0.3059
	  0.1526  -0.2536   0.3070   0.5636   0.3893  -0.9211  -0.2930
	  0.0179  -0.0803   0.2069   0.4054  -0.5599  -0.8285  -0.0565
	 -0.0343   0.2664   0.6470   0.0084   0.0529  -0.9986   0.2678
	 -0.0347   0.0477   0.1808   0.1640   0.8574  -0.5146   0.0543
2 1
000007ff 
0000ff1c 

0
17
	  0.1051   0.1708   0.2041   0.3871  -0.6512  -0.7589   0.1981
	 -0.0113   0.2072   0.2307   0.4798  -0.1263  -0.9920   0.2042
	  0.0283  -0.2036   0.1882   0.0530   0.3269  -0.9451  -0.2017
	  0.1391  -0.0043   0.3219   0.2492   1.0000  -0.0049  -0.1391
	 -0.0244  -0.3059   0.3894   0.4937  -0.0398  -0.9992  -0.3066
	 -0.2906  -0.0032   0.5028   0.2562  -0.9992  -0.0390  -0.2905
	  0.2426  -0.2527   0.1691   0.6212   0.6901  -0.7237  -0.3503
	  0.3019  -0.0038   0.3875   0.7569  -0.9990  -0.0436   0.3014
	 -0.1147  -0.1504   0.2513   0.8568  -0.7832  -0.6217  -0.1833
	 -0.1411   0.1341   0.2365   0.6716   0.8811  -0.4730   0.1877
	 -0.2256   0.2435   0.2349   0.1189   0.6794  -0.7338   0.3319
	 -0.0031   0.3103   0.3674   0.0013   0.0081  -1.0000   0.3103
	  0.2336   0.2555   0.1961   0.8737  -0.7129  -0.7013   0.3457
	 -0.0001   0.2887   0.5773  -0.0088  -0.0553  -0.9985   0.2882
	  0.2737   0.0055   0.5763   0.7637  -0.9963  -0.0859   0.2731
	 -0.0847   0.0064   0.4761   0.7781  -0.9845  -0.1754  -0.0823
	 -0.0023  -0.2903   0.5680   0.4967  -0.0207  -0.9998  -0.2903
2 1
00001fff 
0001e02e 

